Epoch,epoch_loss,epoch_acc,val_loss,val_acc
[1 / 100],1.2511845412633278,0.38712707182320444,1.2133336544036866,0.4243281471004243
[2 / 100],1.1318405570573364,0.4395027624309392,0.9683918118476867,0.5207112547989493
[3 / 100],0.9872889627289299,0.4956353591160221,0.6851137340068817,0.5912305516265912
[4 / 100],0.808542528491936,0.5890055248618784,0.441756284981966,0.7124671650838553
[5 / 100],0.6581415789608924,0.6576795580110497,0.5065872523933649,0.6427561123459284
[6 / 100],0.6096112774499994,0.6892817679558011,0.3083828980103135,0.7629824206910487
[7 / 100],0.46934461179158543,0.752817679558011,0.23249507914297282,0.7799555465750657
[8 / 100],0.41159613761088704,0.7840331491712708,0.24396344765555114,0.7538896746817539
[9 / 100],0.3727267510350177,0.8076243093922651,0.17640267031965778,0.8363305718326934
[10 / 100],0.31128823150270035,0.8329834254143647,0.15509699808899313,0.824206910486967
[11 / 100],0.3295412219024652,0.8304419889502762,0.21265061789890752,0.8145079814103859
[12 / 100],0.2893792642958906,0.8461325966850829,0.14955308247008361,0.8209739341281067
[13 / 100],0.32267712212062827,0.8370165745856354,0.18734421043191105,0.8080420286926652
[14 / 100],0.29057191588626,0.848011049723757,0.15494680986739695,0.8132956152758133
[15 / 100],0.2635291186685594,0.8628729281767956,0.16061067944392562,0.824206910486967
[16 / 100],0.26695550647595073,0.8602209944751381,0.15723817169637186,0.8294604970701152
[17 / 100],0.24045913187873286,0.873646408839779,0.1641485793319589,0.810870883006668
[18 / 100],0.2805916569781619,0.8571823204419889,0.1639946646624594,0.8203677510608204
[19 / 100],0.23695846397849107,0.8759116022099448,0.2784190483485872,0.7902606587189331
[20 / 100],0.24173675953651105,0.874585635359116,0.16684740279015386,0.8258233986663972
[21 / 100],0.24595461196161264,0.8740883977900552,0.16746415197776515,0.8219842392402505
[22 / 100],0.22271074833262045,0.8824309392265194,0.1660696722166904,0.821580117195393
[23 / 100],0.21464618500198748,0.8859668508287293,0.1707420864571759,0.8181450798141039
[24 / 100],0.25380622842256595,0.868342541436464,0.17469198014896392,0.8181450798141039
[25 / 100],0.22901564192594281,0.8799447513812154,0.2952285587787628,0.7953121842796524
[26 / 100],0.22062932761595738,0.8834254143646408,0.19163679441808198,0.8177409577692463
[27 / 100],0.2061499230909032,0.8882872928176796,0.17081945476675173,0.8165285916346736
[28 / 100],0.22297385001912812,0.8861878453038674,0.20302549509506207,0.824206910486967
[29 / 100],0.21093026013267752,0.8899447513812154,0.18373360658879392,0.8163265306122449
[30 / 100],0.24044303139610007,0.8797237569060774,0.37591282092034817,0.7961204283693676
[31 / 100],0.20771873774414032,0.8903867403314917,0.20628008330695594,0.827844008890685
[32 / 100],0.2108415048692795,0.8897237569060773,0.20934333892619178,0.8132956152758133
[33 / 100],0.20974550196370542,0.8886740331491713,0.20847647811679054,0.8195595069711052
[34 / 100],0.2019269491811067,0.8929281767955801,0.23959534882378647,0.8163265306122449
[35 / 100],0.1862387629164173,0.8990055248618785,0.2519581543281674,0.8060214184683775
[36 / 100],0.20029302908490035,0.8962430939226519,0.22591989135398763,0.8183471408365326
[37 / 100],0.1985292449124799,0.8958563535911602,0.25628170585168847,0.8122853101636694
[38 / 100],0.2206623214512866,0.8830939226519336,0.2261736114603991,0.8161244695898161
[39 / 100],0.18449862029970876,0.8983977900552487,0.25739309608115946,0.7979389775712266
[40 / 100],0.19436718187979515,0.8955801104972375,0.2496070045599481,0.800161648817943
[41 / 100],0.19176733395121745,0.8961325966850828,0.21568276222387794,0.8347140836532633
[42 / 100],0.20917869381458554,0.8916022099447514,0.20614311889221426,0.8246110325318247
[43 / 100],0.1776111220928612,0.905524861878453,0.2698073942243354,0.8134976762982421
[44 / 100],0.17416172267388033,0.9039779005524862,0.2915979285821777,0.7953121842796524
[45 / 100],0.175996666071036,0.9040331491712708,0.28071764040860214,0.7914730248535058
[46 / 100],0.21141597909840526,0.8913812154696132,0.250723562519488,0.7862194382703577
[47 / 100],0.19553805907435765,0.8955801104972375,0.26357191713177597,0.8068296625580925
[48 / 100],0.17165018100020113,0.9041988950276243,0.25705169942302747,0.8244089715093958
[49 / 100],0.1726522348845834,0.9049723756906077,0.2621461511895177,0.8110729440290968
[50 / 100],0.18081634642173913,0.8978453038674034,0.24993471341731494,0.8171347747019599
[51 / 100],0.1686862561827069,0.9061325966850828,0.3006858875798571,0.8025863810870884
[52 / 100],0.17050661173778653,0.9075690607734807,0.3000195113724658,0.7983430996160841
[53 / 100],0.17197001155539854,0.9043646408839779,0.30246738854984867,0.8139017983430996
[54 / 100],0.17688177806010705,0.9022099447513812,0.2950999975480954,0.8189533239038189
[55 / 100],0.16244404893738545,0.9067955801104972,0.33876027365840855,0.8124873711860982
[56 / 100],0.1768330005398452,0.9030386740331492,0.25505795406061227,0.809052333804809
[57 / 100],0.1692766939962147,0.905524861878453,0.3046352255936654,0.8104667609618105
[58 / 100],0.16001628989366112,0.9112707182320442,0.3411813847225858,0.7896544756516468
[59 / 100],0.16019197995003487,0.9090055248618785,0.2801682032375538,0.8264295817336835
[60 / 100],0.1721662554692551,0.904475138121547,0.32025250096139646,0.8145079814103859
[61 / 100],0.16279747791045548,0.9079005524861878,0.29435818642305095,0.8153162255001011
[62 / 100],0.15979090685777317,0.9087292817679558,0.24065347739378923,0.8044049302889472
[63 / 100],0.15595536374345126,0.9101657458563536,0.38166773426057715,0.8134976762982421
[64 / 100],0.17259057767886593,0.9029834254143646,0.2661358105888894,0.8169327136795312
[65 / 100],0.17645554417213857,0.9022651933701658,0.24259463876987866,0.8128914932309558
[66 / 100],0.16638921499745735,0.9079558011049724,0.2907529690197407,0.8290563750252576
[67 / 100],0.15716075603634316,0.9106077348066298,0.33822502892544437,0.8070317235805213
[68 / 100],0.23155015021167843,0.8867403314917127,0.35742115364619165,0.8094564558496666
[69 / 100],0.16350074174092305,0.9081767955801106,0.29969728785971483,0.8096585168720953
[70 / 100],0.1558377905471238,0.9117127071823204,0.32545448871474036,0.8161244695898161
[71 / 100],0.15375977245757713,0.9085635359116022,0.3517289553282126,0.8068296625580925
[72 / 100],0.15650446700635334,0.9097237569060773,0.2942243604733449,0.8254192766215397
[73 / 100],0.15717292110750217,0.9090055248618785,0.32213587898550033,0.8179430187916751
[74 / 100],0.15884942593460052,0.9104419889502763,0.3665525109362534,0.8092543948272378
[75 / 100],0.16124205949981482,0.9107734806629835,0.3392768244183344,0.8213780561729642
[76 / 100],0.1556055411597751,0.911988950276243,0.3645659945343823,0.7914730248535058
[77 / 100],0.1521939534866652,0.9120994475138121,0.3589696099498269,0.8145079814103859
[78 / 100],0.15413073562579044,0.9110497237569061,0.34847201281954765,0.7961204283693676
[79 / 100],0.153688267502465,0.9111049723756907,0.3774629923021166,0.8098605778945241
[80 / 100],0.15668021894942055,0.909171270718232,0.3536070585847256,0.7997575267730854
[81 / 100],0.15600432198346648,0.9114364640883977,0.36072172560044463,0.8037987472216609
[82 / 100],0.15175608513469727,0.9140883977900552,0.3668024540636793,0.8040008082440897
[83 / 100],0.16212406006968574,0.9112707182320442,0.3195529640453515,0.8201656900383916
[84 / 100],0.149188354648403,0.9130939226519337,0.35894236032481786,0.8124873711860982
[85 / 100],0.15014177428817513,0.9133149171270718,0.3814106176244877,0.8118811881188119
[86 / 100],0.15037432981543983,0.9101657458563536,0.4003757084617973,0.8183471408365326
[87 / 100],0.19232311247792466,0.9025414364640884,0.3894185115718528,0.8078399676702364
[88 / 100],0.14636397865656392,0.914475138121547,0.3499319929605349,0.8078399676702364
[89 / 100],0.15307394684051837,0.9117127071823204,0.379255996528741,0.8003637098403718
[90 / 100],0.14314571030388604,0.9166298342541437,0.4432594390540544,0.8074358456253788
[91 / 100],0.15074665976429222,0.9153591160220994,0.2643734047649559,0.8102646999393817
[92 / 100],0.18167738379626874,0.9048066298342542,0.4329586805790643,0.7936956961002223
[93 / 100],0.14511477897893513,0.9156906077348066,0.4137329071242,0.800161648817943
[94 / 100],0.15111616672022848,0.9134254143646409,0.316040152086407,0.7890482925843605
[95 / 100],0.14970934291105,0.9149723756906077,0.341353123580484,0.8040008082440897
[96 / 100],0.14733616583394687,0.9168508287292818,0.38610573159035083,0.8106688219842393
[97 / 100],0.14709001476105477,0.9130386740331492,0.3713395003064761,0.8112750050515256
[98 / 100],0.14869113858567168,0.9153591160220994,0.34437673208871333,0.8031925641543746
[99 / 100],0.14517286616001304,0.9183977900552486,0.38877538490847313,0.7963224893917963
[100 / 100],0.15026877651496834,0.9151381215469613,0.4469376982160078,0.8054152354010912
