Epoch,epoch_loss,epoch_acc,val_loss,val_acc
[1 / 100],0.7597912727302,0.6292365998917163,0.6010846734992159,0.717728376611246
[2 / 100],0.5210725394418967,0.7082295614510016,0.46292465978037955,0.761628993087988
[3 / 100],0.4824439322280445,0.7312398484028154,0.525065583635622,0.7080141976461797
[4 / 100],0.4701622561947455,0.7336220898754737,0.4278803530441069,0.7720904165888287
[5 / 100],0.4586792600456611,0.742284786139686,0.41091629089926607,0.7720904165888287
[6 / 100],0.45810659547625326,0.7435841905793178,0.41699110032684766,0.7687278161778442
[7 / 100],0.4453102976172501,0.7476448294531673,0.41462677631026773,0.7720904165888287
[8 / 100],0.4378044731515643,0.7545749864645371,0.45898847776784824,0.6956846628059032
[9 / 100],0.4339373501982796,0.7562533838657282,0.4236073696902439,0.7720904165888287
[10 / 100],0.4262737062778354,0.7655657823497564,0.4118078184772783,0.77059592751728
[11 / 100],0.4238410434919108,0.7638873849485652,0.4168629896433489,0.7653652157668597
[12 / 100],0.41534314510519915,0.7713589604764483,0.4419483285147085,0.7720904165888287
[13 / 100],0.4187838644350001,0.770492690850027,0.4160304313330953,0.7719036054548851
[14 / 100],0.416609954341044,0.771467244179751,0.43229762196485233,0.7687278161778442
[15 / 100],0.409581467876353,0.7716296697347049,0.42940657374574176,0.771529983186998
[16 / 100],0.4040792223185091,0.7778018408229561,0.4225566083871162,0.7472445357743321
[17 / 100],0.39581931396334574,0.7830536004331348,0.46078516561676985,0.771529983186998
[18 / 100],0.39052417315643545,0.7891716296697348,0.4432602676688068,0.7474313469082757
[19 / 100],0.3867361330254277,0.7932322685435842,0.4687176041388467,0.7354754343358865
[20 / 100],0.3829890625076353,0.8003248511099079,0.4590248510227608,0.6794320941528115
[21 / 100],0.37989756927241103,0.7999458581483486,0.48891660944322374,0.7470577246403886
[22 / 100],0.3780862893092355,0.7996751488900921,0.46836571576101566,0.6755090603399962
[23 / 100],0.37592902112980114,0.8021656740660531,0.49891868595436994,0.6751354380721091
[24 / 100],0.37116350818064386,0.8019491066594477,0.5133714089865116,0.6691574817859144
[25 / 100],0.36907916786537404,0.8036275040606389,0.4952409475096571,0.6517840463291612
[26 / 100],0.3688685191471511,0.8025446670276123,0.5079817259267195,0.7040911638333645
[27 / 100],0.36462061672461565,0.8046020573903627,0.5498997776616198,0.6491686904539511
[28 / 100],0.3645628269575675,0.8065511640498105,0.5587329957912217,0.6792452830188679
[29 / 100],0.36179185709350054,0.8105576610720087,0.5952063192015709,0.6510368017933869
[30 / 100],0.3643075732678643,0.8027612344342177,0.5703579850717267,0.7065197085746311
[31 / 100],0.35642947181131496,0.8094206821873308,0.6187508666137261,0.6723332710629554
[32 / 100],0.3582895475398884,0.8111532214401732,0.6555169877915907,0.6618718475621147
[33 / 100],0.3578939734672101,0.8067677314564158,0.6674952489226612,0.6618718475621147
[34 / 100],0.3491089194992877,0.8118029236599892,0.7087286610309201,0.6601905473566224
[35 / 100],0.3466428373291086,0.8148890092041148,0.685199708830732,0.6286194657201569
[36 / 100],0.34545195653619126,0.810286951813752,0.768676239190929,0.7104427423874463
[37 / 100],0.3453793646671931,0.8129940443963184,0.7787421953711492,0.646926956846628
[38 / 100],0.3399459194759049,0.8120194910665944,0.7825122281436377,0.6555202690080328
[39 / 100],0.3370746454612504,0.813102328099621,0.8103898453679103,0.6904539510554829
[40 / 100],0.33699615952232576,0.8151597184623715,0.8867789201104819,0.5791145152251074
[41 / 100],0.33511832714622297,0.8159718462371414,0.7798273712257618,0.6609377918923968
[42 / 100],0.3312654657713952,0.8147807255008122,1.0037252437462336,0.577059592751728
[43 / 100],0.3345869311563162,0.8165674066053059,1.0502684167099756,0.6364655333457874
[44 / 100],0.3271297828910008,0.8178126691932864,0.9945553059397794,0.6958714739398468
[45 / 100],0.32540766842553365,0.816080129940444,1.0477369537349197,0.7065197085746311
[46 / 100],0.3211679487324279,0.8183540877097997,1.0404504130165695,0.6749486269381655
[47 / 100],0.32272296951272583,0.8158094206821873,1.2590835714406932,0.6454324677750793
[48 / 100],0.31780338680890247,0.8203573362208988,1.209443525258285,0.6474873902484588
[49 / 100],0.3155867333917737,0.8197076340010828,1.1712057286002082,0.574817859144405
[50 / 100],0.31543403861688224,0.8177043854899838,1.1120650443937385,0.572576125537082
[51 / 100],0.31476252439013835,0.8207363291824581,1.1666098855255145,0.6954978516719597
[52 / 100],0.31326996519789185,0.8173795343800758,1.3121880858080155,0.6269381655146646
[53 / 100],0.31070177780028635,0.8226312939902545,1.2644633073081721,0.5708948253315898
[54 / 100],0.3156569451357137,0.8218191662154846,0.9721577003348008,0.6743881935363347
[55 / 100],0.30974154778489965,0.8221440173253926,1.289029312809226,0.5423127218382215
[56 / 100],0.3107267991213059,0.8220357336220899,1.3204525176282804,0.6067625630487578
[57 / 100],0.3164657645016247,0.8170546832701678,1.3573316367092862,0.6252568653091725
[58 / 100],0.3099169571735723,0.8204114780725501,1.3748257570246707,0.5677190360545489
[59 / 100],0.30779614380232306,0.8226854358419058,1.392463251917081,0.6637399589015506
[60 / 100],0.3053930572694965,0.8223064428803465,1.4748218312664931,0.6168503642817111
[61 / 100],0.3104357745092005,0.8206821873308067,1.6234809849823915,0.5548290678124416
[62 / 100],0.30480599905328665,0.8204114780725501,1.4806981485948634,0.583784793573697
[63 / 100],0.3035968456109865,0.8229020032485111,1.5808993666571802,0.6323556883990286
[64 / 100],0.30591017800798415,0.8230644288034651,1.5754226877062179,0.5946198393424248
[65 / 100],0.30273727650131926,0.8238224147265837,1.5632062258560266,0.6168503642817111
[66 / 100],0.30568867047756265,0.8239306984298863,1.7070528197088348,0.5923781057351019
[67 / 100],0.3005606045003055,0.8233892799133731,1.501523829218167,0.6121800859331216
[68 / 100],0.3024927369641235,0.8214943151055766,1.6712249555805725,0.5344666542125911
[69 / 100],0.3057957035848648,0.8243096913914456,1.473222130909562,0.5639828133756772
[70 / 100],0.29742212757732883,0.8276123443421765,1.5814825256008467,0.6560807024098636
[71 / 100],0.3029731454272993,0.8230644288034651,1.776912241701537,0.599476928824958
[72 / 100],0.2988600535998973,0.8231185706551164,1.6777833425787403,0.570334391929759
[73 / 100],0.2999396292798377,0.8254466702761234,1.5816486063482824,0.6033999626377732
[74 / 100],0.3004693416058765,0.8277206280454792,1.5459600947380288,0.6118064636652345
[75 / 100],0.2960593382556029,0.8276123443421765,1.7474159910135083,0.6284326545862133
[76 / 100],0.3017584649456688,0.8249052517596102,1.9212445448701785,0.5436203997758267
[77 / 100],0.29678846148670157,0.8278830536004331,1.7080552860427258,0.5636091911077901
[78 / 100],0.29523214118295005,0.828695181375203,1.8470232362872852,0.5772464038856716
[79 / 100],0.2972898769984551,0.8292365998917163,1.947855461416627,0.5708948253315898
[80 / 100],0.29289116857207315,0.828695181375203,1.889824925331093,0.6338501774705773
[81 / 100],0.293292008711728,0.8335679480238224,1.8797999786407644,0.6349710442742388
[82 / 100],0.29099354388235915,0.8353004872766648,1.7456899533576484,0.5636091911077901
[83 / 100],0.28899713260197024,0.8337845154304278,1.9759723785291634,0.5731365589389128
[84 / 100],0.29050097812817277,0.8328099621007038,1.9423642548204247,0.5563235568839903
[85 / 100],0.2918961646569992,0.8347049269085003,1.7625343007410863,0.5701475807958154
[86 / 100],0.28723766218317354,0.8360043313481321,2.299551220944346,0.5903231832617224
[87 / 100],0.2911741640971536,0.8306984298863022,2.127340519578377,0.6048944517093219
[88 / 100],0.29075335049904677,0.8326475365457499,2.0682739987135377,0.5839716047076405
[89 / 100],0.2861790212457944,0.8316188413643747,1.664853546358367,0.6379600224173361
[90 / 100],0.28384150746043996,0.836978884677856,1.9960483702511262,0.5778068372875024
[91 / 100],0.2907010354444538,0.8345425013535462,1.9538941594507935,0.6364655333457874
[92 / 100],0.2834119653929388,0.8358419057931781,1.8080082219928058,0.574817859144405
[93 / 100],0.2839009113209302,0.8359501894964808,1.9570789205383008,0.6048944517093219
[94 / 100],0.2805015956884329,0.8369247428262047,1.7949282690159865,0.5807958154305997
[95 / 100],0.28356392522449403,0.8363291824580401,1.9165113243177088,0.6058285073790398
[96 / 100],0.2809653842707823,0.836654033567948,1.8824596967158922,0.5991033065570708
[97 / 100],0.27925221399244265,0.8386572820790471,1.857722173057455,0.6134877638707267
[98 / 100],0.28094192856493705,0.8379534380075798,1.944828150668807,0.5733233700728564
[99 / 100],0.2767093732574139,0.838819707634001,1.7383268388516422,0.6157294974780497
[100 / 100],0.28349492596235304,0.8342176502436384,2.0512056861684393,0.5337194096768167
