Epoch,epoch_loss,epoch_acc,val_loss,val_acc
[1 / 100],0.9655125918309333,0.525414364640884,0.8039828836917877,0.6318448171347747
[2 / 100],0.6850223404350202,0.6504972375690607,0.34367642626166345,0.7676298242069105
[3 / 100],0.43489725550235303,0.7691160220994475,0.3139219153672457,0.7837947060012124
[4 / 100],0.35909309254454974,0.8141436464088397,0.19447405474784318,0.8042028692665185
[5 / 100],0.3375787153169873,0.8256353591160221,0.16911880753177683,0.8294604970701152
[6 / 100],0.31129460182473145,0.835414364640884,0.16188771845772862,0.8244089715093958
[7 / 100],0.3037867347660953,0.8402209944751381,0.14983911688032095,0.8488583552232775
[8 / 100],0.29225412294814024,0.8506077348066299,0.15409921439859317,0.8171347747019599
[9 / 100],0.2899445980877322,0.8477348066298342,0.15544901197717992,0.8139017983430996
[10 / 100],0.27575796469081276,0.8534806629834254,0.15550192466689622,0.8181450798141039
[11 / 100],0.27488942411882566,0.8554143646408839,0.15330777740273333,0.8280460699131138
[12 / 100],0.26526535286372577,0.8591160220994475,0.14750337478217262,0.8330975954738331
[13 / 100],0.2658780177073677,0.8603867403314918,0.15375679497997224,0.8238027884421095
[14 / 100],0.2531986418799549,0.8660773480662983,0.15783745724211257,0.8145079814103859
[15 / 100],0.2576587556421407,0.8660773480662983,0.20038342950865626,0.7955142453020813
[16 / 100],0.2455705541445879,0.8702209944751381,0.15012495385271904,0.812689432208527
[17 / 100],0.24289644224780163,0.870939226519337,0.15848773066013563,0.8219842392402505
[18 / 100],0.24751799372397879,0.8731491712707182,0.15683061907211596,0.8153162255001011
[19 / 100],0.236893985340647,0.8738121546961326,0.15941961231827903,0.8227924833299657
[20 / 100],0.24001020525784092,0.8753591160220995,0.14991271598919412,0.8272378258233987
[21 / 100],0.23515629117462003,0.8760773480662983,0.1917458811432425,0.7973327945039402
[22 / 100],0.24341378560539295,0.871049723756906,0.15927052041142814,0.8221863002626794
[23 / 100],0.22933946007673592,0.8783977900552487,0.15192931956165764,0.8205698120832492
[24 / 100],0.23764938498681246,0.8785082872928177,0.16273312979942603,0.8134976762982421
[25 / 100],0.22603705443495895,0.8829834254143646,0.21153965470512048,0.7999595877955142
[26 / 100],0.2279117077668146,0.8811049723756906,0.1549764963306977,0.825217215599111
[27 / 100],0.22392948602058652,0.8813812154696132,0.1570514990748279,0.8076379066478077
[28 / 100],0.21901939067991516,0.882817679558011,0.14643035666166498,0.8312790462719741
[29 / 100],0.22345772233241087,0.8833149171270718,0.14434774035343878,0.8357243887654071
[30 / 100],0.2185314775203697,0.8835911602209945,0.14814367852550242,0.821580117195393
[31 / 100],0.22801883103067405,0.8819337016574585,0.1465452264264968,0.8223883612851081
[32 / 100],0.2173158531106149,0.8867955801104972,0.1604152824727862,0.8141038593655284
[33 / 100],0.2206355399137314,0.885414364640884,0.20560755387174368,0.7936956961002223
[34 / 100],0.21612538527641045,0.8870165745856353,0.14596415479257985,0.8264295817336835
[35 / 100],0.210349569529924,0.8872375690607734,0.1554291307751555,0.8205698120832492
[36 / 100],0.21931060631746602,0.8865745856353591,0.14801949156005775,0.8193574459486765
[37 / 100],0.21262629738029926,0.887182320441989,0.16085534796584397,0.8199636290159629
[38 / 100],0.20977095084516356,0.8886187845303868,0.1462534911248269,0.8266316427561123
[39 / 100],0.21056735752779446,0.8876795580110497,0.15009272648208044,0.8167306526571024
[40 / 100],0.21172171811420773,0.8887292817679558,0.15548176412964346,0.8292584360476865
[41 / 100],0.20893346487778594,0.8888397790055249,0.14868135034030275,0.8258233986663972
[42 / 100],0.20564517518785236,0.8919889502762431,0.16297975194254377,0.8078399676702364
[43 / 100],0.2054636708745998,0.8897237569060773,0.1516170230296126,0.8143059203879571
[44 / 100],0.20561142044353495,0.8904419889502763,0.16003470492199198,0.8110729440290968
[45 / 100],0.2022004957734871,0.8932044198895027,0.14525849418920983,0.8326934734289756
[46 / 100],0.20010070030454313,0.8934806629834254,0.15491869612160372,0.8048090523338048
[47 / 100],0.20598161804611353,0.8917127071823204,0.1526569119578653,0.8157203475449586
[48 / 100],0.19902898331500143,0.8916022099447514,0.1615610217646463,0.8080420286926652
[49 / 100],0.19596325792266103,0.8966298342541437,0.15007702551595017,0.8153162255001011
[50 / 100],0.20242386138586338,0.8925414364640883,0.15607037479997815,0.8116791270963831
[51 / 100],0.19999025654565808,0.8932596685082873,0.15387615019980255,0.826025459688826
[52 / 100],0.19838958063380902,0.8950276243093923,0.16160737395698135,0.8229945443523944
[53 / 100],0.19649005878693554,0.8955801104972375,0.15426395000249613,0.8165285916346736
[54 / 100],0.20154342211347823,0.891767955801105,0.16205976996279786,0.8151141644776723
[55 / 100],0.19973360850980704,0.8951933701657458,0.14570978477568133,0.8284501919579713
[56 / 100],0.1953510283447483,0.8974585635359116,0.1580478630537982,0.8070317235805213
[57 / 100],0.19752706098258502,0.8996132596685082,0.166757390856219,0.810062638916953
[58 / 100],0.2009811973305212,0.8971270718232044,0.1643194390711173,0.8120832491412406
[59 / 100],0.19128814846866066,0.8960220994475138,0.15859584732233997,0.809052333804809
[60 / 100],0.2048894464930401,0.8924861878453039,0.16601694216078614,0.8084461507375227
[61 / 100],0.20016050399752214,0.893756906077348,0.17100281474704387,0.8072337846029501
[62 / 100],0.19117049517109025,0.8992265193370166,0.1576124735030854,0.8187512628813902
[63 / 100],0.19463366584413208,0.8990055248618785,0.17106808096476697,0.8136997373206708
[64 / 100],0.19321308956855845,0.8987292817679559,0.16303513401963557,0.8086482117599515
[65 / 100],0.20165500105850692,0.89646408839779,0.16362223162432202,0.8159224085673874
[66 / 100],0.19101367932641417,0.8969060773480663,0.1727045515086502,0.8132956152758133
[67 / 100],0.1912018130407897,0.8975690607734806,0.18092247695167316,0.8094564558496666
[68 / 100],0.1924212388351874,0.8985082872928177,0.21930000813154038,0.7983430996160841
[69 / 100],0.19385466766387716,0.8949723756906077,0.1681352350254201,0.810870883006668
[70 / 100],0.18744801606626627,0.8999447513812154,0.17087256063938944,0.8118811881188119
[71 / 100],0.1885678232140654,0.9,0.16555624880129471,0.8143059203879571
[72 / 100],0.1962263169678318,0.8976243093922652,0.17106483272704603,0.8062234794908062
[73 / 100],0.18833193146384167,0.8986187845303868,0.1672294396456664,0.8143059203879571
[74 / 100],0.19162821863520343,0.8981767955801105,0.17797881416190647,0.8096585168720953
[75 / 100],0.18768373196297194,0.8975138121546962,0.18297206731917867,0.8141038593655284
[76 / 100],0.1904771575859464,0.8992265193370166,0.21923116948197494,0.8029905031319459
[77 / 100],0.19042166033065885,0.8961878453038674,0.17289595243719855,0.8153162255001011
[78 / 100],0.18308284303042938,0.9023204419889502,0.1820998414844893,0.8141038593655284
[79 / 100],0.19248319103601047,0.8979005524861878,0.18589350412366912,0.8098605778945241
[80 / 100],0.18926432222795292,0.9002209944751381,0.17241046049481418,0.8181450798141039
[81 / 100],0.1824379234510578,0.9028176795580111,0.18613866693098052,0.8092543948272378
[82 / 100],0.1868088722702303,0.9028729281767955,0.18170187653919348,0.8118811881188119
[83 / 100],0.1886574159468539,0.8983425414364641,0.17905395632988075,0.8048090523338048
[84 / 100],0.191431288164574,0.8979558011049724,0.18021762034963426,0.810870883006668
[85 / 100],0.1833114227185795,0.9020994475138121,0.18952339202805887,0.8179430187916751
[86 / 100],0.18422443403879943,0.9004419889502763,0.1965400444865736,0.8151141644776723
[87 / 100],0.18148438406686945,0.9003867403314917,0.188972619578999,0.8058193574459487
[88 / 100],0.18995940901141437,0.8998342541436464,0.19942695901045226,0.8169327136795312
[89 / 100],0.1853700532325645,0.9003867403314917,0.18898107726579946,0.8128914932309558
[90 / 100],0.18446005028773013,0.9030939226519337,0.17854674744594376,0.8155182865225298
[91 / 100],0.1823440413829132,0.9033701657458564,0.1883613260804166,0.8092543948272378
[92 / 100],0.19146956906035525,0.9006629834254144,0.1809364634569305,0.8139017983430996
[93 / 100],0.1832452107074178,0.9025414364640884,0.18973293466115138,0.8094564558496666
[94 / 100],0.18269459402045712,0.901767955801105,0.19802337920700666,0.8118811881188119
[95 / 100],0.1909049119162859,0.9007734806629835,0.19495350775541737,0.8153162255001011
[96 / 100],0.1821091851689417,0.9009944751381216,0.1885234443281661,0.8078399676702364
[97 / 100],0.1850934578244573,0.9034806629834254,0.19255219047772698,0.8195595069711052
[98 / 100],0.17825701703304278,0.9050276243093923,0.1897400128422305,0.8209739341281067
[99 / 100],0.1838158165673257,0.9012154696132597,0.20004694797244155,0.8110729440290968
[100 / 100],0.1827833559718492,0.9023756906077348,0.19389151153736747,0.8094564558496666
