Epoch,epoch_loss,epoch_acc,val_loss,val_acc
[1 / 100],0.7855328563569854,0.6190924183729939,0.5783542375869424,0.717370533154978
[2 / 100],0.5661611277702835,0.6915882678472607,0.5523786136724111,0.7091534492642844
[3 / 100],0.5174832658447411,0.7221914775871611,0.517969106729249,0.7139308236193388
[4 / 100],0.4901299807962028,0.7322634200332042,0.4547489488511595,0.7706860309573859
[5 / 100],0.4768014594863051,0.7454897620365246,0.4390283974015531,0.7544429581502007
[6 / 100],0.4570613848071238,0.7566685113447703,0.4526853387649278,0.7477546340531244
[7 / 100],0.4471395461885521,0.7603209739900387,0.4218085929893583,0.7706860309573859
[8 / 100],0.4327161014574829,0.7685113447703376,0.4155074111719168,0.7672463214217466
[9 / 100],0.4217971923292574,0.7748201438848921,0.41007274109159264,0.7706860309573859
[10 / 100],0.4147883835843933,0.7775318206972883,0.4095177550352257,0.7706860309573859
[11 / 100],0.4073295450686128,0.7802988378527946,0.40681449094972083,0.7706860309573859
[12 / 100],0.40537983277636336,0.778693967902601,0.4085925915740601,0.7706860309573859
[13 / 100],0.39848971907018493,0.7817930271167681,0.40771315808457725,0.7678196063443531
[14 / 100],0.4014303940716836,0.7785279468732706,0.4075332412368241,0.7706860309573859
[15 / 100],0.39960257297120966,0.7790813503043719,0.4051547766670243,0.7704949359831836
[16 / 100],0.39203869128588426,0.7829551743220808,0.40885139228278444,0.7672463214217466
[17 / 100],0.3931278926343567,0.7827891532927505,0.4080091461908954,0.7706860309573859
[18 / 100],0.39730776514905425,0.7814609850581073,0.4097510391974267,0.7706860309573859
[19 / 100],0.3900092609616344,0.7864969562811289,0.41260430465971354,0.7706860309573859
[20 / 100],0.391904057164877,0.7849474266740454,0.40586060461168755,0.7703038410089814
[21 / 100],0.38700400853419276,0.7834532374100719,0.40401926844093977,0.7682017962927575
[22 / 100],0.3887283548312782,0.7868843386828999,0.40623074767130024,0.7701127460347793
[23 / 100],0.3844030742942215,0.7864416159380189,0.4058056811283108,0.7682017962927575
[24 / 100],0.3857921536725301,0.7862755949086885,0.40907360302668266,0.7704949359831836
[25 / 100],0.3847317375288065,0.784338682899834,0.4124264695774053,0.7706860309573859
[26 / 100],0.3834585715672821,0.789153292750415,0.40812563567728033,0.7490922988725397
[27 / 100],0.38388673908592064,0.787382401770891,0.40814648777644597,0.7704949359831836
[28 / 100],0.3862523515030997,0.7861095738793581,0.409905657982667,0.7620867571182878
[29 / 100],0.379186265387041,0.7910348644161593,0.4017886741243246,0.7609401872730747
[30 / 100],0.3869111929708596,0.7881018262313226,0.4005996421199889,0.7362889356009937
[31 / 100],0.378294051930465,0.789983397897067,0.4276209533897065,0.7639977068603095
[32 / 100],0.37802837850081705,0.7877697841726619,0.43009934169133657,0.767628511370151
[33 / 100],0.3788431389025383,0.7910902047592695,0.4246820057848938,0.730173896426524
[34 / 100],0.3795830723832144,0.7869950193691201,0.4366985845258673,0.7490922988725397
[35 / 100],0.37783060456905976,0.7916989485334809,0.44991685600794906,0.7628511370150965
[36 / 100],0.3767232199173212,0.7918096292197012,0.44650111729919,0.7454614943626983
[37 / 100],0.37092278835914644,0.7941892639734366,0.4689568063059381,0.7660997515765335
[38 / 100],0.36812244655639675,0.7971776425013835,0.4675297591806823,0.6988343206573667
[39 / 100],0.36560285544537285,0.800885445489762,0.4792001755723289,0.709917829161093
[40 / 100],0.3718571676117614,0.798229109020476,0.5203309270290245,0.7706860309573859
[41 / 100],0.3653118688619361,0.7988931931377975,0.5078970027220158,0.6625262755589528
[42 / 100],0.3669544216567053,0.7998339789706697,0.5480304977195408,0.7225300974584369
[43 / 100],0.3681228558414868,0.8001106806862203,0.5376450627231757,0.643416778138735
[44 / 100],0.3566211701525266,0.8016602102933038,0.5647119070111796,0.6738008790368814
[45 / 100],0.3587504976687259,0.8022689540675152,0.5270194000358345,0.608064207911332
[46 / 100],0.35852933412971305,0.8003873824017709,0.5539672318419427,0.6522071469520352
[47 / 100],0.35825195736887,0.8036524626452684,0.5950673710952961,0.6652016051977833
[48 / 100],0.3554240548514205,0.8080243497509685,0.5871261760080588,0.6564112363844831
[49 / 100],0.35480793340592404,0.8045932484781405,0.6510206297580295,0.5895279954137206
[50 / 100],0.35064103422139103,0.805201992252352,0.6425387965700099,0.6000382189948404
[51 / 100],0.356399027910032,0.8084670724958495,0.6429669536109871,0.6577489012038983
[52 / 100],0.35220248257017456,0.8058107360265634,0.6587767228057594,0.641314733422511
[53 / 100],0.3520922604252496,0.8071942446043165,0.6539128659406804,0.631759984712402
[54 / 100],0.3545535821663489,0.8052573325954621,0.611540777793595,0.6443722530097459
[55 / 100],0.35023701937861973,0.805644714997233,0.6646373651438314,0.6510605771068221
[56 / 100],0.34802230535560574,0.8073049252905368,0.5879172001972454,0.6525893369004395
[57 / 100],0.34990472926675253,0.8079690094078583,0.5870698733459772,0.6384483088094783
[58 / 100],0.34861897597811997,0.8059767570558938,0.6420721511235674,0.6258360405121345
[59 / 100],0.3463782446817652,0.8073049252905368,0.672570665885929,0.6357729791706478
[60 / 100],0.34907711918017914,0.8048699501936912,0.7430736109728121,0.6181922415440474
[61 / 100],0.3475022754417016,0.8114554510237963,0.6957538181645725,0.6124593923179821
[62 / 100],0.3542563323411878,0.803043718871057,0.6937357503707513,0.6548824765908656
[63 / 100],0.3500025162136251,0.8069175428887659,0.6986142881214619,0.6260271354863367
[64 / 100],0.34421182248595017,0.8093525179856115,0.693968708818878,0.5941142747945729
[65 / 100],0.34798579328403795,0.8090758162700609,0.7630112616857159,0.630613414867189
[66 / 100],0.34117508062388796,0.8089097952407305,0.6941802052226458,0.62105866615708
[67 / 100],0.34556178602286397,0.8090204759269507,0.6808922448344813,0.583604051213453
[68 / 100],0.351233792344369,0.8085777531820697,0.6826391910835532,0.6053888782725014
[69 / 100],0.34464721488763794,0.809573879358052,0.7379304937845945,0.5572329447735525
[70 / 100],0.34268558420927386,0.8078583287216381,0.6655435592988292,0.6029046436078731
[71 / 100],0.3425635509064658,0.8118981737686773,0.6918016022767957,0.6048155933498949
[72 / 100],0.3415078764114432,0.8112340896513558,0.698805890493948,0.6132237722147907
[73 / 100],0.33761943388507637,0.8109020475926951,0.7598296889878866,0.6072998280145232
[74 / 100],0.35104224690987085,0.8111787493082457,0.7100257778127912,0.6084463978597363
[75 / 100],0.34082983656645677,0.8142224681793027,0.6933238232181272,0.6183833365182496
[76 / 100],0.3376163895415605,0.8122302158273381,0.7249633489560535,0.6000382189948404
[77 / 100],0.3447112409180462,0.8111234089651356,0.6855711182081745,0.6051977832982992
[78 / 100],0.3364809340491734,0.8151079136690648,0.7311238791964209,0.6086374928339384
[79 / 100],0.33948451342441527,0.815218594355285,0.8171016698745825,0.6072998280145232
[80 / 100],0.3361767389268862,0.8112340896513558,0.7741332151393854,0.6097840626791515
[81 / 100],0.3405550702376571,0.8137797454344217,0.8311909434762392,0.5897190903879228
[82 / 100],0.3390249428836661,0.8119535141117875,0.6976544348205593,0.579208866806803
[83 / 100],0.33646186116882343,0.8160486995019369,0.6817335392000111,0.605962163195108
[84 / 100],0.33676796719250457,0.8134477033757609,0.7798396406254469,0.6690235046818269
[85 / 100],0.3342445513025644,0.8106253458771444,0.7610493773125283,0.6218230460538888
[86 / 100],0.33756375848096615,0.810846707249585,0.8168802642128394,0.609210777756545
[87 / 100],0.33711065304720456,0.8115107913669065,0.7203279479143728,0.6048155933498949
[88 / 100],0.33597340599149794,0.8133370226895407,0.6671550744959643,0.6716988343206574
[89 / 100],0.3360825835939241,0.812174875484228,0.8253643404237414,0.5763424421937703
[90 / 100],0.33894996095436364,0.8120088544548976,0.8068117324461919,0.6124593923179821
[91 / 100],0.3340207591223029,0.8154952960708356,0.7458715293954574,0.6141792470858016
[92 / 100],0.3335257228999901,0.8121195351411179,0.8275262018921608,0.5891458054653163
[93 / 100],0.32823807487597223,0.8175982291090205,0.8261328746088361,0.591056755207338
[94 / 100],0.3295147692249685,0.8179856115107914,0.6938754714286054,0.6107395375501624
[95 / 100],0.3373192545446847,0.8135583840619812,0.7830376132526471,0.5767246321421746
[96 / 100],0.32885688379579653,0.8200885445489762,0.7449705897979723,0.5757691572711637
[97 / 100],0.3349371709910855,0.8164360819037078,0.8950264908465992,0.5962163195107969
[98 / 100],0.332262926933903,0.8176535694521306,0.7767057333653438,0.5977450793044143
[99 / 100],0.32874457286942677,0.8216380741560597,0.7938029315351075,0.598509459201223
[100 / 100],0.3306306806873833,0.819590481460985,0.808334571743057,0.5916300401299446
