Epoch,epoch_loss,epoch_acc,val_loss,val_acc
[1 / 100],0.8613439396569427,0.5823098591549296,0.40682528614997865,0.7723241905547535
[2 / 100],0.45493650938423585,0.7674929577464789,0.3476073382422328,0.7430398020210353
[3 / 100],0.3801010924913514,0.8059718309859155,0.22271328140050173,0.8047020004124562
[4 / 100],0.30710293931650445,0.8459154929577465,0.1546447997796349,0.8350175293875026
[5 / 100],0.27697554284628007,0.8603943661971831,0.157374524732586,0.8564652505671272
[6 / 100],0.2571527607139515,0.8699154929577465,0.17235820076894015,0.8047020004124562
[7 / 100],0.2405793044413112,0.8818028169014085,0.1948974586557597,0.8049082285007217
[8 / 100],0.22879065863814363,0.8872112676056338,0.151779522880679,0.8214064755619715
[9 / 100],0.22230829473978406,0.8932957746478873,0.19121762980357743,0.8102701587956279
[10 / 100],0.21014393443287627,0.8962253521126761,0.1656191322254017,0.8150134048257373
[11 / 100],0.19802924206250833,0.8990422535211268,0.20596873506437988,0.8073829655599093
[12 / 100],0.19512022549394703,0.9017464788732394,0.17559442471683723,0.8154258610022685
[13 / 100],0.19180313275672797,0.9046197183098591,0.16369915199566093,0.8209940193854403
[14 / 100],0.1841943001574353,0.908281690140845,0.17114424823776062,0.8269746339451434
[15 / 100],0.18522376760332943,0.9073802816901408,0.16950794147032866,0.8269746339451434
[16 / 100],0.18149267055117196,0.911774647887324,0.1823577224786277,0.8071767374716436
[17 / 100],0.176042758704505,0.9125633802816902,0.19432530834960743,0.8110950711486905
[18 / 100],0.1782185003479195,0.9091267605633803,0.18519214249799915,0.8181068261497216
[19 / 100],0.17555770549001698,0.9114929577464789,0.18794851294514955,0.8193441946793153
[20 / 100],0.17291213213901024,0.9133521126760563,0.18933863167039816,0.8232625283563622
[21 / 100],0.16751543625953533,0.9152112676056338,0.18735508754725744,0.811301299236956
[22 / 100],0.1626465170397538,0.9176338028169014,0.17693948262131015,0.8133635801196123
[23 / 100],0.16686414514055056,0.9182535211267605,0.2162987374898421,0.811301299236956
[24 / 100],0.16829000798893543,0.9168450704225352,0.20059842708460565,0.8143947205609404
[25 / 100],0.16309902533938417,0.9175211267605634,0.2002214731364802,0.8063518251185812
[26 / 100],0.16530997330422062,0.9188732394366197,0.19703486117690544,0.8209940193854403
[27 / 100],0.16016242929808894,0.9187042253521127,0.19148675165815804,0.8133635801196123
[28 / 100],0.16225201198080239,0.9192112676056338,0.1805567164097738,0.8232625283563622
[29 / 100],0.1558923192209569,0.9227042253521127,0.24297850815200944,0.8158383171787997
[30 / 100],0.1634127062950308,0.916169014084507,0.21042457546427612,0.812951123943081
[31 / 100],0.15775724079548242,0.9215774647887324,0.2187229248285348,0.8117137554134873
[32 / 100],0.156476238770972,0.9204507042253521,0.19631015820548328,0.8077954217364405
[33 / 100],0.15913907220155907,0.919887323943662,0.21571900118606208,0.805320684677253
[34 / 100],0.15458460662075263,0.9188732394366197,0.20880001220139094,0.8236749845328933
[35 / 100],0.1579318639081755,0.9210140845070423,0.2428360986872576,0.805320684677253
[36 / 100],0.15390936003690794,0.9215774647887324,0.24364105969980301,0.8051144565889874
[37 / 100],0.15245369808320927,0.9241126760563381,0.24633300766982985,0.8088265621777686
[38 / 100],0.15685992086944142,0.9219718309859155,0.2466271937920908,0.8131573520313466
[39 / 100],0.1560705346404544,0.9214084507042254,0.2247219675587985,0.8082078779129718
[40 / 100],0.14833850107879032,0.924,0.26980346953159823,0.8133635801196123
[41 / 100],0.15410492906360956,0.9234929577464789,0.23439274533157003,0.8094452464425654
[42 / 100],0.1504966970269128,0.9229859154929577,0.25346413872284757,0.8057331408537843
[43 / 100],0.14872613645930266,0.9267042253521127,0.2689443895345335,0.8082078779129718
[44 / 100],0.1510655343163415,0.9232676056338028,0.26103899736422137,0.8057331408537843
[45 / 100],0.14944157672506753,0.923943661971831,0.255083298247132,0.8183130542379872
[46 / 100],0.14946391163743256,0.9242253521126761,0.24278701529392493,0.8014023510002062
[47 / 100],0.14614661539550813,0.923830985915493,0.2714341609212966,0.8098577026190967
[48 / 100],0.15378115687430516,0.9224788732394367,0.2572995811171495,0.8044957723241906
[49 / 100],0.1468594326194262,0.9250140845070423,0.22869610447072547,0.8104763868838936
[50 / 100],0.15306406284183843,0.9233802816901409,0.2671395645374105,0.8080016498247061
[51 / 100],0.14431299839828543,0.9259718309859155,0.24775759960321012,0.8133635801196123
[52 / 100],0.13717173990337037,0.9282253521126761,0.2923487249325717,0.805320684677253
[53 / 100],0.1589047765721187,0.9202253521126761,0.25392000025058226,0.8067642812951124
[54 / 100],0.1489882997246369,0.9252394366197183,0.2883677276618073,0.8139822643844091
[55 / 100],0.14695942569266932,0.9242253521126761,0.2257326454972258,0.8127448958548155
[56 / 100],0.14026990938861403,0.9291830985915494,0.27953597145847764,0.8084141060012374
[57 / 100],0.1448420737288422,0.9261408450704225,0.28439226713842347,0.8067642812951124
[58 / 100],0.14220097993973776,0.9264788732394367,0.3205141823947201,0.8036708599711281
[59 / 100],0.13982303866369197,0.9271549295774648,0.28026758479214775,0.8049082285007217
[60 / 100],0.14526954005997691,0.9248450704225352,0.28557080088721704,0.806970509383378
[61 / 100],0.14309702103363942,0.9274929577464789,0.2390021172818706,0.790059806145597
[62 / 100],0.149289282820733,0.9272676056338028,0.24934861412933743,0.8131573520313466
[63 / 100],0.13717198434830055,0.9286197183098591,0.2535640886049976,0.8067642812951124
[64 / 100],0.13882167964445266,0.9276056338028169,0.2722024123217096,0.8057331408537843
[65 / 100],0.14069879473856006,0.9272112676056338,0.3086733676069343,0.8092390183542999
[66 / 100],0.13736362932701474,0.9295774647887324,0.31936468935931545,0.8125386677665498
[67 / 100],0.14007006401087393,0.9284507042253521,0.30578803522903397,0.8133635801196123
[68 / 100],0.13853781515221322,0.928,0.3264442898680926,0.812951123943081
[69 / 100],0.1360050207094998,0.9290140845070423,0.30270000093635757,0.8063518251185812
[70 / 100],0.13805213803513436,0.9285633802816902,0.3148518035608504,0.8055269127655187
[71 / 100],0.13838152465707565,0.9290140845070423,0.31998265040069784,0.8067642812951124
[72 / 100],0.14028313661176084,0.9291830985915494,0.3402632032705156,0.8080016498247061
[73 / 100],0.13699436538023907,0.9296338028169014,0.3612269707246469,0.8047020004124562
[74 / 100],0.13808839570140805,0.927887323943662,0.2922742204295844,0.779748401732316
[75 / 100],0.1358772924633424,0.9271549295774648,0.3115391049937671,0.8075891936481748
[76 / 100],0.13628044482036195,0.9281126760563381,0.30412460202963987,0.8092390183542999
[77 / 100],0.1356042260395468,0.9277183098591549,0.3201310887019645,0.8059393689420499
[78 / 100],0.13882139655771258,0.928056338028169,0.33317459806302735,0.8143947205609404
[79 / 100],0.13593084260901633,0.9299718309859155,0.3358381849602182,0.817900598061456
[80 / 100],0.1331220326216083,0.9287323943661971,0.35830604061543453,0.8100639307073624
[81 / 100],0.13560787910477198,0.9291267605633803,0.4039457926115574,0.8092390183542999
[82 / 100],0.13615333838498128,0.9292957746478874,0.35053840349356447,0.8110950711486905
[83 / 100],0.12997244918327416,0.9310985915492958,0.3695793098965098,0.8055269127655187
[84 / 100],0.13833314146835266,0.927830985915493,0.3375618381212243,0.8094452464425654
[85 / 100],0.137866624494214,0.9271549295774648,0.3260093976336485,0.8061455970303155
[86 / 100],0.13365619719866592,0.9294084507042254,0.4109074689430976,0.8082078779129718
[87 / 100],0.13859991884259754,0.9263098591549296,0.3216391571617123,0.8141884924726748
[88 / 100],0.13515398329358466,0.9298028169014084,0.3384624611501209,0.8073829655599093
[89 / 100],0.13289229355374682,0.9298028169014084,0.33342028345664687,0.806970509383378
[90 / 100],0.13725881966521652,0.9290704225352112,0.35285675953678036,0.8063518251185812
[91 / 100],0.14053452918097295,0.9291830985915494,0.3089135747643354,0.811919983501753
[92 / 100],0.14087708363177595,0.9264225352112676,0.31587984542537695,0.8100639307073624
[93 / 100],0.13240028264538567,0.9294647887323944,0.3730216910427771,0.8055269127655187
[94 / 100],0.13369037391893931,0.9288450704225352,0.33375229225676295,0.8044957723241906
[95 / 100],0.12611001386481577,0.9327887323943662,0.31713120068747,0.8055269127655187
[96 / 100],0.1342897956606804,0.9290704225352112,0.29726969705201045,0.8042895442359249
[97 / 100],0.13439927061554557,0.9301971830985916,0.3269603974835718,0.7929469993813157
[98 / 100],0.13531275353570096,0.9284507042253521,0.3593589716658926,0.8028459476180656
[99 / 100],0.13128274260953868,0.9309295774647888,0.27613381806817083,0.7912971746751908
[100 / 100],0.13614732950141328,0.9289014084507042,0.35521818220577184,0.8055269127655187
